
Round: 0
00000000
00000000
00000000
00000000
00000000
00000000
00000000
00000000

Valid moves for 1:
3, 3
3, 4
4, 3
4, 4

Player 1: 3, 4

After move by Player 1
00000000
00000000
00000000
00000000
00001000
00000000
00000000
00000000


Round: 1
00000000
00000000
00000000
00000000
00001000
00000000
00000000
00000000

Valid moves for 2:
3, 3
4, 3
4, 4

Player 2: 4, 3

After move by Player 2
00000000
00000000
00000000
00020000
00001000
00000000
00000000
00000000


Round: 2
00000000
00000000
00000000
00020000
00001000
00000000
00000000
00000000

Valid moves for 1:
3, 3
4, 4

Player 1: 3, 3

After move by Player 1
00000000
00000000
00000000
00020000
00011000
00000000
00000000
00000000


Round: 3
00000000
00000000
00000000
00020000
00011000
00000000
00000000
00000000

Valid moves for 2:
4, 4

Player 2: 4, 4

After move by Player 2
00000000
00000000
00000000
00022000
00011000
00000000
00000000
00000000


Round: 4
00000000
00000000
00000000
00022000
00011000
00000000
00000000
00000000

Valid moves for 1:
5, 2
5, 3
5, 4
5, 5

Player 1: 5, 5

After move by Player 1
00000000
00000000
00000100
00021000
00011000
00000000
00000000
00000000


Round: 5
00000000
00000000
00000100
00021000
00011000
00000000
00000000
00000000

Valid moves for 2:
2, 3
2, 5
4, 5

Player 2: 2, 3

After move by Player 2
00000000
00000000
00000100
00021000
00021000
00020000
00000000
00000000


Round: 6
00000000
00000000
00000100
00021000
00021000
00020000
00000000
00000000

Valid moves for 1:
1, 2
2, 2
3, 2
4, 2
5, 2

Player 1: 4, 2

After move by Player 1
00000000
00000000
00000100
00111000
00021000
00020000
00000000
00000000


Round: 7
00000000
00000000
00000100
00111000
00021000
00020000
00000000
00000000

Valid moves for 2:
3, 5
4, 5
5, 1
5, 3
6, 6

Player 2: 6, 6

After move by Player 2
00000000
00000020
00000200
00112000
00021000
00020000
00000000
00000000


Round: 8
00000000
00000020
00000200
00112000
00021000
00020000
00000000
00000000

Valid moves for 1:
1, 2
1, 3
2, 4
3, 2
4, 5
5, 4

Player 1: 3, 2

After move by Player 1
00000000
00000020
00000200
00112000
00111000
00020000
00000000
00000000


Round: 9
00000000
00000020
00000200
00112000
00111000
00020000
00000000
00000000

Valid moves for 2:
2, 2
2, 4
4, 1
4, 5
5, 3

Player 2: 4, 5

After move by Player 2
00000000
00000020
00000200
00112200
00112000
00020000
00000000
00000000


Round: 10
00000000
00000020
00000200
00112200
00112000
00020000
00000000
00000000

Valid moves for 1:
1, 3
1, 4
2, 5
3, 5
4, 6
7, 7

Player 1: 1, 3

After move by Player 1
00000000
00000020
00000200
00112200
00112000
00010000
00010000
00000000


Round: 11
00000000
00000020
00000200
00112200
00112000
00010000
00010000
00000000

Valid moves for 2:
1, 2
2, 2
3, 1
4, 1
5, 2

Player 2: 4, 1

After move by Player 2
00000000
00000020
00000200
02222200
00112000
00010000
00010000
00000000


Round: 12
00000000
00000020
00000200
02222200
00112000
00010000
00010000
00000000

Valid moves for 1:
3, 5
5, 0
5, 1
5, 2
5, 3
5, 4
5, 6
7, 7

Player 1: 5, 3

After move by Player 1
00000000
00000020
00010200
02212200
00112000
00010000
00010000
00000000


Round: 13
00000000
00000020
00010200
02212200
00112000
00010000
00010000
00000000

Valid moves for 2:
1, 2
1, 4
2, 2
2, 4
3, 1
5, 2
6, 2
6, 4

Player 2: 6, 2

After move by Player 2
00000000
00200020
00020200
02212200
00112000
00010000
00010000
00000000


Round: 14
00000000
00200020
00020200
02212200
00112000
00010000
00010000
00000000

Valid moves for 1:
2, 5
3, 5
4, 0
4, 6
5, 0
5, 1
5, 2
5, 6
6, 3
7, 7

Player 1: 5, 0

After move by Player 1
00000000
00200020
10020200
01212200
00112000
00010000
00010000
00000000


Round: 15
00000000
00200020
10020200
01212200
00112000
00010000
00010000
00000000

Valid moves for 2:
0, 3
1, 2
2, 2
2, 4
3, 1
4, 0
5, 2

Player 2: 5, 2

After move by Player 2
00000000
00200020
10220200
01222200
00112000
00010000
00010000
00000000


Round: 16
00000000
00200020
10220200
01222200
00112000
00010000
00010000
00000000

Valid moves for 1:
3, 5
4, 6
5, 1
5, 4
5, 6
6, 3
7, 2
7, 7

Player 1: 4, 6

After move by Player 1
00000000
00200020
10220200
01111110
00112000
00010000
00010000
00000000


Round: 17
00000000
00200020
10220200
01111110
00112000
00010000
00010000
00000000

Valid moves for 2:
0, 3
1, 2
2, 2
3, 0
3, 1
3, 5
3, 7
5, 4
5, 6

Player 2: 3, 7

After move by Player 2
00000000
00200020
10220200
01111120
00112002
00010000
00010000
00000000


Round: 18
00000000
00200020
10220200
01111120
00112002
00010000
00010000
00000000

Valid moves for 1:
2, 4
2, 5
3, 5
4, 7
6, 1
6, 3
6, 4
6, 5
7, 1
7, 2
7, 7

Player 1: 6, 1

After move by Player 1
00000000
01200020
10120200
01111120
00112002
00010000
00010000
00000000


Round: 19
00000000
01200020
10120200
01111120
00112002
00010000
00010000
00000000

Valid moves for 2:
0, 3
1, 2
2, 2
3, 1
3, 5
4, 0
5, 1
5, 4
5, 6
6, 0
7, 0

Player 2: 3, 1

After move by Player 2
00000000
01200020
10120200
01211120
02222002
00010000
00010000
00000000


Round: 20
00000000
01200020
10120200
01211120
02222002
00010000
00010000
00000000

Valid moves for 1:
2, 1
2, 2
2, 4
2, 5
4, 7
5, 4
6, 3
6, 5
7, 1
7, 2
7, 7

Player 1: 6, 5

After move by Player 1
00000000
01200120
10120100
01211120
02222002
00010000
00010000
00000000


Round: 21
00000000
01200120
10120100
01211120
02222002
00010000
00010000
00000000

Valid moves for 2:
0, 3
1, 2
1, 4
3, 5
4, 0
5, 1
5, 4
5, 6
6, 0
6, 4
7, 0

Player 2: 5, 1

After move by Player 2
00000000
01200120
12220100
02211120
02222002
00010000
00010000
00000000


Round: 22
00000000
01200120
12220100
02211120
02222002
00010000
00010000
00000000

Valid moves for 1:
2, 1
2, 2
2, 4
2, 5
4, 0
4, 7
5, 4
6, 3
6, 7
7, 1
7, 7

Player 1: 6, 3

After move by Player 1
00000000
01110120
12210100
02211120
02222002
00010000
00010000
00000000


Round: 23
00000000
01110120
12210100
02211120
02222002
00010000
00010000
00000000

Valid moves for 2:
0, 3
1, 2
1, 4
5, 4
5, 6
6, 4
7, 0
7, 1
7, 2
7, 3
7, 4

Player 2: 7, 3

After move by Player 2
00020000
01220120
12220100
02221120
02222002
00010000
00010000
00000000


Round: 24
00020000
01220120
12220100
02221120
02222002
00010000
00010000
00000000

Valid moves for 1:
2, 1
2, 2
2, 4
2, 5
4, 0
4, 7
5, 4
6, 4
6, 7
7, 1
7, 7

Player 1: 2, 2

After move by Player 1
00020000
01220120
12220100
02221120
02212002
00110000
00010000
00000000


Round: 25
00020000
01220120
12220100
02221120
02212002
00110000
00010000
00000000

Valid moves for 2:
0, 3
0, 4
1, 1
1, 2
1, 4
2, 4
3, 5
5, 4
5, 6
6, 0
6, 4
7, 0
7, 1

Player 2: 0, 3

After move by Player 2
00020000
01220120
12220100
02221120
02222002
00120000
00020000
00020000


Round: 26
00020000
01220120
12220100
02221120
02222002
00120000
00020000
00020000

Valid moves for 1:
0, 4
1, 2
1, 4
2, 1
2, 4
2, 5
4, 0
4, 7
5, 4
6, 4
6, 7
7, 1
7, 2
7, 7

Player 1: 0, 4

After move by Player 1
00020000
01220120
12220100
02221120
02222002
00120000
00010000
00021000


Round: 27
00020000
01220120
12220100
02221120
02222002
00120000
00010000
00021000

Valid moves for 2:
0, 5
1, 1
1, 2
2, 1
3, 5
5, 4
5, 6
6, 0
6, 4
7, 0
7, 1

Player 2: 3, 5

After move by Player 2
00020000
01220120
12220100
02222120
02222202
00120000
00010000
00021000


Round: 28
00020000
01220120
12220100
02222120
02222202
00120000
00010000
00021000

Valid moves for 1:
0, 2
1, 2
1, 4
2, 1
2, 4
2, 5
4, 0
4, 7
5, 4
6, 4
6, 7
7, 2
7, 7

Player 1: 6, 4

After move by Player 1
00020000
01111120
12220100
02222120
02222202
00120000
00010000
00021000


Round: 29
00020000
01111120
12220100
02222120
02222202
00120000
00010000
00021000

Valid moves for 2:
0, 5
1, 1
1, 2
2, 1
5, 6
6, 0
7, 0
7, 1
7, 2
7, 4
7, 5

Player 2: 7, 1

After move by Player 2
02020000
02211120
12220100
02222120
02222202
00120000
00010000
00021000


Round: 30
02020000
02211120
12220100
02222120
02222202
00120000
00010000
00021000

Valid moves for 1:
0, 2
1, 2
1, 4
2, 0
2, 4
2, 5
3, 0
4, 0
4, 7
5, 4
6, 0
6, 7
7, 2
7, 7

Player 1: 4, 7

After move by Player 1
02020000
02211120
12220100
02222111
02222202
00120000
00010000
00021000


Round: 31
02020000
02211120
12220100
02222111
02222202
00120000
00010000
00021000

Valid moves for 2:
0, 5
1, 1
1, 2
2, 1
5, 6
5, 7
7, 4
7, 5

Player 2: 0, 5

After move by Player 2
02020000
02211120
12220100
02222111
02222202
00120000
00010000
00022200


Round: 32
02020000
02211120
12220100
02222111
02222202
00120000
00010000
00022200

Valid moves for 1:
1, 2
1, 4
2, 0
2, 4
2, 5
2, 7
3, 0
4, 0
5, 4
6, 0
6, 7
7, 2
7, 7

Player 1: 3, 0

After move by Player 1
02020000
02211120
12120100
01222111
12222202
00120000
00010000
00022200


Round: 33
02020000
02211120
12120100
01222111
12222202
00120000
00010000
00022200

Valid moves for 2:
1, 1
1, 2
2, 1
4, 0
5, 6
5, 7
7, 5

Player 2: 1, 2

After move by Player 2
02020000
02211120
12120100
01222111
12222202
00220000
00210000
00022200


Round: 34
02020000
02211120
12120100
01222111
12222202
00220000
00210000
00022200

Valid moves for 1:
0, 1
0, 2
1, 1
1, 4
2, 0
2, 1
2, 4
2, 5
2, 7
3, 6
4, 0
5, 4
6, 0
6, 7
7, 0
7, 2
7, 7

Player 1: 1, 1

After move by Player 1
02020000
02211120
12120100
01221111
12212202
00120000
01110000
00022200


Round: 35
02020000
02211120
12120100
01221111
12212202
00120000
01110000
00022200

Valid moves for 2:
0, 0
0, 1
0, 2
2, 1
2, 4
4, 0
5, 4
5, 6
5, 7
7, 5

Player 2: 2, 1

After move by Player 2
02020000
02211120
12120100
01221111
12212202
02220000
01210000
00022200


Round: 36
02020000
02211120
12120100
01221111
12212202
02220000
01210000
00022200

Valid moves for 1:
0, 1
0, 2
1, 4
2, 0
2, 4
2, 5
2, 6
2, 7
3, 6
4, 0
5, 4
6, 0
6, 7
7, 0
7, 2
7, 7

Player 1: 0, 2

After move by Player 1
02020000
02211120
12120100
01121111
12112202
02120000
01110000
00122200


Round: 37
02020000
02211120
12120100
01121111
12112202
02120000
01110000
00122200

Valid moves for 2:
0, 0
0, 1
2, 4
4, 0
5, 4
5, 6
5, 7
7, 5

Player 2: 7, 5

After move by Player 2
02020200
02212220
12120200
01121211
12112202
02120000
01110000
00122200


Round: 38
02020200
02212220
12120200
01121211
12112202
02120000
01110000
00122200

Valid moves for 1:
0, 6
1, 0
1, 4
2, 0
2, 4
2, 5
2, 6
2, 7
3, 6
4, 0
5, 4
5, 6
6, 0
6, 7
7, 0
7, 2
7, 7

Player 1: 2, 6

After move by Player 1
02020200
02212220
12120200
01121211
12112102
02120010
01110000
00122200


Round: 39
02020200
02212220
12120200
01121211
12112102
02120010
01110000
00122200

Valid moves for 2:
0, 0
0, 1
1, 5
1, 7
2, 4
2, 5
3, 6
4, 0
5, 4
5, 7

Player 2: 3, 6

After move by Player 2
02020200
02212220
12120200
01121211
12112222
02120010
01110000
00122200


Round: 40
02020200
02212220
12120200
01121211
12112222
02120010
01110000
00122200

Valid moves for 1:
0, 6
1, 0
1, 4
2, 0
2, 4
2, 5
2, 7
4, 0
5, 4
5, 6
6, 0
6, 7
7, 0
7, 2
7, 7

Player 1: 2, 0

After move by Player 1
02020200
02212220
12120200
01121211
11112222
11120010
01110000
00122200


Round: 41
02020200
02212220
12120200
01121211
11112222
11120010
01110000
00122200

Valid moves for 2:
0, 0
0, 1
1, 0
1, 5
1, 6
1, 7
2, 4
4, 0
5, 4
5, 6
5, 7

Player 2: 4, 0

After move by Player 2
02020200
02212220
12120200
22221211
12112222
11220010
01120000
00122200


Round: 42
02020200
02212220
12120200
22221211
12112222
11220010
01120000
00122200

Valid moves for 1:
0, 6
1, 4
2, 4
2, 5
2, 7
5, 4
5, 6
6, 0
6, 7
7, 0
7, 2
7, 7

Player 1: 2, 4

After move by Player 1
02020200
02212220
12120200
22221211
12111122
11111010
01110000
00122200


Round: 43
02020200
02212220
12120200
22221211
12111122
11111010
01110000
00122200

Valid moves for 2:
0, 0
0, 1
1, 0
1, 4
1, 5
1, 6
1, 7
2, 5
5, 6
5, 7
6, 0
7, 4

Player 2: 1, 6

After move by Player 2
02020200
02212220
12120200
22221211
12111122
11111020
01110020
00122200


Round: 44
02020200
02212220
12120200
22221211
12111122
11111020
01110020
00122200

Valid moves for 1:
0, 6
1, 7
2, 5
2, 7
5, 4
5, 6
6, 0
6, 7
7, 0
7, 2
7, 7

Player 1: 7, 0

After move by Player 1
12020200
01212220
12120200
22221211
12111122
11111020
01110020
00122200


Round: 45
12020200
01212220
12120200
22221211
12111122
11111020
01110020
00122200

Valid moves for 2:
0, 0
0, 1
1, 0
1, 4
1, 5
2, 5
5, 6
5, 7
6, 0
7, 4

Player 2: 0, 1

After move by Player 2
12020200
01212220
12120200
22221211
12112122
12121020
02210020
02222200


Round: 46
12020200
01212220
12120200
22221211
12112122
12121020
02210020
02222200

Valid moves for 1:
0, 0
0, 6
1, 0
1, 4
1, 7
2, 5
2, 7
5, 4
6, 0
6, 7
7, 2
7, 7

Player 1: 7, 2

After move by Player 1
11120200
01112220
12120200
22221211
12112122
12121020
02210020
02222200


Round: 47
11120200
01112220
12120200
22221211
12112122
12121020
02210020
02222200

Valid moves for 2:
1, 0
1, 4
1, 5
2, 5
5, 4
5, 6
5, 7
6, 0
7, 4

Player 2: 5, 7

After move by Player 2
11120200
01112220
12120202
22221222
12112222
12122020
02220020
02222200


Round: 48
11120200
01112220
12120202
22221222
12112222
12122020
02220020
02222200

Valid moves for 1:
0, 0
1, 0
1, 4
1, 5
1, 7
2, 5
5, 4
6, 0
6, 7
7, 4
7, 7

Player 1: 1, 5

After move by Player 1
11120200
01112220
12120202
22221222
12112222
12121020
02220120
02222200


Round: 49
11120200
01112220
12120202
22221222
12112222
12121020
02220120
02222200

Valid moves for 2:
0, 6
1, 0
1, 4
2, 5
5, 4
6, 0
7, 4

Player 2: 7, 4

After move by Player 2
11122200
01122220
12220202
22221222
12112222
12121020
02220120
02222200


Round: 50
11122200
01122220
12220202
22221222
12112222
12121020
02220120
02222200

Valid moves for 1:
0, 0
1, 0
1, 4
1, 7
2, 5
5, 4
6, 0
6, 7
7, 6
7, 7

Player 1: 7, 6

After move by Player 1
11111110
01122220
12220202
22221222
12112222
12121020
02220120
02222200


Round: 51
11111110
01122220
12220202
22221222
12112222
12121020
02220120
02222200

Valid moves for 2:
0, 6
1, 0
1, 4
2, 5
5, 4
6, 0

Player 2: 1, 0

After move by Player 2
11111110
01122220
12220202
22221222
22112222
22121020
22220120
02222200


Round: 52
11111110
01122220
12220202
22221222
22112222
22121020
22220120
02222200

Valid moves for 1:
0, 0
1, 4
1, 7
2, 5
5, 4
5, 6
6, 0
6, 7
7, 7

Player 1: 0, 0

After move by Player 1
11111110
01122220
12220202
12221222
12112222
12121020
11220120
12222200


Round: 53
11111110
01122220
12220202
12221222
12112222
12121020
11220120
12222200

Valid moves for 2:
0, 6
1, 4
2, 5
5, 4
6, 0

Player 2: 6, 0

After move by Player 2
11111110
22222220
12220202
12221222
12112222
12121020
11220120
12222200


Round: 54
11111110
22222220
12220202
12221222
12112222
12121020
11220120
12222200

Valid moves for 1:
0, 6
1, 4
1, 7
2, 5
5, 4
5, 6
7, 7

Player 1: 0, 6

After move by Player 1
11111110
22222220
12220202
12221222
12112222
12121020
11220120
11111110


Round: 55
11111110
22222220
12220202
12221222
12112222
12121020
11220120
11111110

Valid moves for 2:
1, 4
2, 5
5, 4

Player 2: 2, 5

After move by Player 2
11111110
22222220
12220202
12221222
12112222
12122220
11220120
11111110


Round: 56
11111110
22222220
12220202
12221222
12112222
12122220
11220120
11111110

Valid moves for 1:
0, 7
1, 4
1, 7
2, 7
5, 4
5, 6
7, 7

Player 1: 1, 7

After move by Player 1
11111110
22222220
12220202
12221222
12112122
12122210
11220111
11111110


Round: 57
11111110
22222220
12220202
12221222
12112122
12122210
11220111
11111110

Valid moves for 2:
0, 7
2, 7
5, 4

Player 2: 5, 4

After move by Player 2
11111110
22222220
12222202
12222222
12112122
12122210
11220111
11111110


Round: 58
11111110
22222220
12222202
12222222
12112122
12122210
11220111
11111110

Valid moves for 1:
1, 4
2, 7
5, 6
7, 7

Player 1: 7, 7

After move by Player 1
11111111
22222210
12222102
12221222
12112122
12122210
11220111
11111110


Round: 59
11111111
22222210
12222102
12221222
12112122
12122210
11220111
11111110

Valid moves for 2:
0, 7
2, 7
5, 6
6, 7

Player 2: 0, 7

After move by Player 2
11111111
22222210
12222102
12221222
12112122
12122210
11220121
11111112


Round: 60
11111111
22222210
12222102
12221222
12112122
12122210
11220121
11111112

Valid moves for 1:
1, 4
2, 7
5, 6

Player 1: 5, 6

After move by Player 1
11111111
22222110
12222112
12221112
12111112
12112210
11120121
11111112


Round: 61
11111111
22222110
12222112
12221112
12111112
12112210
11120121
11111112

Valid moves for 2:
1, 4
2, 7
6, 7

Player 2: 2, 7

After move by Player 2
11111111
22222110
12222112
12221212
12111122
12112222
11120122
11111112


Round: 62
11111111
22222110
12222112
12221212
12111122
12112222
11120122
11111112

Valid moves for 1:
1, 4

Player 1: 1, 4

After move by Player 1
11111111
22222110
12222112
12221212
12111122
12111222
11111122
11111112


Round: 63
11111111
22222110
12222112
12221212
12111122
12111222
11111122
11111112

Valid moves for 2:
6, 7

Player 2: 6, 7

After move by Player 2
11111111
22222222
12222122
12221212
12111122
12111222
11111122
11111112


Round: 64
11111111
22222222
12222122
12221212
12111122
12111222
11111122
11111112

Valid moves for 1:

Player 1 can't move

Round: 64
11111111
22222222
12222122
12221212
12111122
12111222
11111122
11111112

Valid moves for 2:

Player 2 can't move

Black: 35
White: 29

